Name	Merit	View	Midpoint X (vox)	Midpoint Y (vox)	Midpoint Z (vox)	Apparent Width (vox)	Apparent Width (mm)	Incident Angle (deg)	Corrected Width (vox)	Corrected Width (mm)	Tile Mean App. Width (vox)	Tile SD App. Width (vox)	Tile Mean Corr. Width (vox)	Tile Mean Corr. Width (mm)	Feature Normal X	Feature Normal Y	Feature Normal Z 
Trav0	  0.000928982	Ortho Z	      418.300	      415.000	      1184.00	      3.85679	     0.128431	      14.3535	      3.73640	     0.124422	      3.97077	     0.224579	      3.84683	     0.128099	     0.968785	     0.156727	    -0.192075 
Trace1	   0.00100053	Ortho Z	      416.603	      414.725	      1184.00	      3.96855	     0.132153	      13.0687	      3.86576	     0.128730	      4.09910	     0.214679	      3.99293	     0.132964	     0.960908	     0.159824	    -0.226079 
Trace1	   0.00713066	Ortho Z	      417.368	      413.800	      1184.00	      3.97057	     0.132220	      11.0005	      3.89762	     0.129791	      4.00902	     0.153418	      3.93536	     0.131047	     0.976205	     0.103245	    -0.190695 
Trace1	   0.00631139	Ortho Z	      417.137	      412.767	      1184.00	      3.94711	     0.131439	      6.22588	      3.92383	     0.130664	      4.00022	     0.120749	      3.97663	     0.132422	     0.988462	     0.105980	    -0.108222 
Trace1	   0.00600910	Ortho Z	      417.057	      411.728	      1184.00	      4.11657	     0.137082	      3.75189	      4.10774	     0.136788	      4.09468	     0.146443	      4.08590	     0.136061	     0.986731	     0.149259	   -0.0638997 
Trace1	    0.0216561	Ortho Z	      417.701	      410.807	      1184.00	      4.03561	     0.134386	      7.89950	      3.99732	     0.133111	      4.04295	     0.156592	      4.00459	     0.133353	     0.977778	     0.158328	    -0.137411 
Trace1	    0.0592669	Ortho Z	      417.003	      409.684	      1184.00	      4.01063	     0.133554	      5.66915	      3.99102	     0.132901	      4.11119	     0.251281	      4.09109	     0.136233	     0.981895	     0.162811	   -0.0968224 
Trace1	     0.153772	Ortho Z	      417.412	      408.722	      1184.00	      3.65628	     0.121754	      13.1121	      3.56095	     0.118580	      3.96280	     0.283975	      3.85948	     0.128521	     0.935778	     0.332481	     0.117373 
Trace1	    0.0117921	Ortho Z	      416.984	      415.808	      1184.00	      4.23252	     0.140943	      11.0397	      4.15420	     0.138335	      4.25307	     0.208894	      4.17437	     0.139006	     0.972147	     0.139528	    -0.188313 
Trace1	    0.0219811	Ortho Z	      416.387	      416.698	      1184.00	      3.58252	     0.119298	      8.29285	      3.54506	     0.118050	      3.86327	     0.313830	      3.82288	     0.127302	     0.896273	     0.426106	    -0.122994 
Trace1	   0.00639762	Ortho Z	      416.314	      417.796	      1184.00	      3.90495	     0.130035	      7.15207	      3.87456	     0.129023	      4.08122	     0.212230	      4.04946	     0.134847	     0.932373	     0.360689	   -0.0241811 
Trace1	   0.00835290	Ortho Z	      416.649	      418.871	      1184.00	      4.03119	     0.134239	      9.90141	      3.97115	     0.132239	      4.08488	    0.0851666	      4.02404	     0.134000	     0.994856	    0.0371823	    0.0942240 
Trace1	   0.00268522	Ortho Z	      415.747	      419.897	      1184.00	      4.03137	     0.134245	      10.0657	      3.96932	     0.132178	      4.07463	     0.147366	      4.01191	     0.133597	     0.983969	   -0.0354760	     0.174775 
Trace1	   0.00637065	Ortho Z	      415.959	      420.887	      1184.00	      4.00566	     0.133388	      8.93167	      3.95708	     0.131771	      4.07301	    0.0902568	      4.02362	     0.133986	     0.987437	   -0.0295925	     0.155216 
Trace1	    0.0112573	Ortho Z	      416.633	      421.891	      1184.00	      3.98758	     0.132787	      3.62344	      3.97961	     0.132521	      3.96728	    0.0841567	      3.95935	     0.131846	     0.997988	   0.00516419	    0.0631991 
Trace1	   0.00382709	Ortho Z	      415.703	      422.833	      1184.00	      4.06710	     0.135434	      2.64274	      4.06278	     0.135290	      4.13639	    0.0811393	      4.13199	     0.137595	     0.996654	    0.0684521	   -0.0446583 
Trace1	   0.00282294	Ortho Z	      416.209	      423.897	      1184.00	      3.79613	     0.126411	      2.41354	      3.79276	     0.126299	      3.89854	     0.101085	      3.89508	     0.129706	     0.994268	    0.0983515	   -0.0419343 
Trace1	   0.00256370	Ortho Z	      416.015	      424.901	      1184.00	      3.93584	     0.131064	      1.43706	      3.93460	     0.131022	      4.05123	     0.128943	      4.04996	     0.134864	     0.986829	     0.159938	   -0.0242459 
Trace1	   0.00369482	Ortho Z	      415.791	      425.889	      1184.00	      4.08164	     0.135919	     0.678538	      4.08135	     0.135909	      4.02615	     0.169987	      4.02587	     0.134061	     0.995699	    0.0925714	   0.00375378 
Trace1	   0.00397719	Ortho Z	      415.570	      426.885	      1184.00	      3.78405	     0.126009	     0.998218	      3.78348	     0.125990	      3.95325	     0.201776	      3.95265	     0.131623	     0.999960	   0.00872474	  -0.00189433 
Trace1	    0.0113254	Ortho Z	      415.311	      427.884	      1184.00	      3.60419	     0.120020	      4.83657	      3.59136	     0.119592	      3.79087	     0.104967	      3.77737	     0.125786	     0.995626	    0.0404343	    0.0842223 
Trace1	    0.0143809	Ortho Z	      414.987	      428.872	      1184.00	      3.83179	     0.127598	      9.78008	      3.77610	     0.125744	      3.95647	     0.273306	      3.89897	     0.129836	     0.983779	    0.0648598	     0.167251 
Trace1	    0.0293654	Ortho Z	      416.066	      430.010	      1184.00	      4.08904	     0.136165	      10.4919	      4.02067	     0.133888	      4.12769	     0.284739	      4.05868	     0.135154	     0.970235	     0.159682	     0.182059 
Trace1	    0.0599779	Ortho Z	      415.320	      430.851	      1184.00	      3.78697	     0.126106	      10.0812	      3.72850	     0.124159	      3.88699	     0.361012	      3.82697	     0.127438	     0.944518	     0.282461	     0.167634 
Trace1	     0.382404	Ortho Z	      414.970	      431.784	      1184.00	      3.31641	     0.110437	      41.6301	      2.47885	    0.0825456	      3.35841	     0.667409	      2.51024	    0.0835909	     0.764434	    0.0812134	     0.639566 
Trace2	   0.00563219	Ortho Z	      411.477	      443.025	      1184.00	      3.42434	     0.114031	      19.9982	      3.21787	     0.107155	      3.38841	     0.173460	      3.18410	     0.106031	     0.805204	     0.498566	     0.321058 
Trace2	    0.0463830	Ortho Z	      413.046	      442.242	      1184.00	      3.86897	     0.128837	      17.6097	      3.68766	     0.122799	      3.85834	     0.617221	      3.67753	     0.122462	     0.782276	     0.585405	     0.212943 
Trace2	     0.167630	Ortho Z	      413.166	      441.096	      1184.00	      4.64693	     0.154743	      6.48156	      4.61723	     0.153754	      4.77155	      1.14834	      4.74105	     0.157877	     0.922867	     0.370253	    -0.105965 
Trace2	    0.0144845	Ortho Z	      411.398	      444.510	      1184.00	      3.90223	     0.129944	      15.5242	      3.75987	     0.125204	      3.78044	     0.310242	      3.64252	     0.121296	     0.820507	     0.506291	     0.265400 
Trace2	   0.00395399	Ortho Z	      410.511	      445.607	      1184.00	      3.93694	     0.131100	      13.9974	      3.82004	     0.127207	      3.91714	     0.213473	      3.80083	     0.126568	     0.931201	     0.272827	     0.241724 
Trace2	   0.00847931	Ortho Z	      410.442	      446.830	      1184.00	      4.01576	     0.133725	      16.5325	      3.84974	     0.128196	      3.96459	     0.178360	      3.80069	     0.126563	     0.919074	     0.272633	     0.284558 
Trace2	   0.00811237	Ortho Z	      409.725	      447.743	      1184.00	      3.88854	     0.129488	      24.8715	      3.52789	     0.117479	      3.96378	     0.113646	      3.59616	     0.119752	     0.807082	     0.415732	     0.419268 
Trace2	   0.00949017	Ortho Z	      408.892	      448.758	      1184.00	      3.91934	     0.130514	      26.1117	      3.51933	     0.117194	      3.97223	     0.206475	      3.56682	     0.118775	     0.795357	     0.417332	     0.439593 
Trace2	    0.0135738	Ortho Z	      409.013	      450.180	      1184.00	      4.22907	     0.140828	      20.4961	      3.96135	     0.131913	      4.15248	     0.178343	      3.88961	     0.129524	     0.865560	     0.358091	     0.350109 
Trace2	    0.0175608	Ortho Z	      408.347	      451.272	      1184.00	      4.34812	     0.144792	      16.7030	      4.16466	     0.138683	      4.28542	     0.155126	      4.10461	     0.136684	     0.910453	     0.297555	     0.287290 
Trace2	   0.00112406	Ortho Z	      408.530	      452.589	      1184.00	      4.01675	     0.133758	      11.3423	      3.93830	     0.131146	      4.12004	     0.158926	      4.03957	     0.134518	     0.948275	     0.249872	     0.195800 
Trace2	    0.0131853	Ortho Z	      407.770	      453.625	      1184.00	      3.78061	     0.125894	      8.71107	      3.73700	     0.124442	      3.88062	     0.158540	      3.83585	     0.127734	     0.920953	     0.361041	     0.146613 
Trace2	    0.0145173	Ortho Z	      407.495	      454.870	      1184.00	      3.69652	     0.123094	      1.27884	      3.69560	     0.123064	      3.76773	     0.173224	      3.76679	     0.125434	     0.922376	     0.385650	    0.0222543 
Trace2	   0.00742436	Ortho Z	      406.669	      455.876	      1184.00	      3.81694	     0.127104	      3.10675	      3.81133	     0.126917	      3.93160	     0.180015	      3.92582	     0.130730	     0.936226	     0.347614	   -0.0514314 
Trace2	   0.00499027	Ortho Z	      406.031	      456.977	      1184.00	      3.86627	     0.128747	      6.36425	      3.84244	     0.127953	      4.08395	     0.242206	      4.05878	     0.135157	     0.943062	     0.314343	    -0.108728 
Trace2	   0.00973442	Ortho Z	      406.207	      458.262	      1184.00	      4.21919	     0.140499	      2.68844	      4.21455	     0.140345	      4.15621	     0.193980	      4.15163	     0.138249	     0.969227	     0.241770	   -0.0463224 
Trace2	   0.00286710	Ortho Z	      405.753	      459.296	      1184.00	      3.93580	     0.131062	     0.373912	      3.93571	     0.131059	      4.05406	     0.114846	      4.05398	     0.134997	     0.989958	     0.141357	   0.00109353 
Trace2	   0.00304255	Ortho Z	      405.631	      460.389	      1184.00	      4.41157	     0.146905	      1.11141	      4.41074	     0.146878	      4.29730	     0.149330	      4.29649	     0.143073	     0.971102	     0.238593	   0.00586709 
Trace2	    0.0120959	Ortho Z	      405.145	      461.428	      1184.00	      4.35907	     0.145157	      4.07786	      4.34803	     0.144789	      4.28474	     0.126871	      4.27389	     0.142321	     0.944313	     0.323201	    0.0617548 
Trace2	    0.0125101	Ortho Z	      405.221	      462.694	      1184.00	      4.06598	     0.135397	      10.6570	      3.99585	     0.133062	      4.11703	     0.107185	      4.04602	     0.134732	     0.945639	     0.267653	     0.184738 
Trace2	    0.0116842	Ortho Z	      404.993	      463.867	      1184.00	      3.95174	     0.131593	      14.8415	      3.81990	     0.127203	      4.01973	     0.135184	      3.88562	     0.129391	     0.933510	     0.251721	     0.255336 
Trace2	    0.0109966	Ortho Z	      404.513	      464.973	      1184.00	      4.22323	     0.140634	      18.8929	      3.99571	     0.133057	      4.16913	     0.188014	      3.94452	     0.131353	     0.923772	     0.207964	     0.321551 
Trace2	    0.0216768	Ortho Z	      404.546	      466.133	      1184.00	      4.06525	     0.135373	      20.2338	      3.81438	     0.127019	      4.22736	     0.225075	      3.96649	     0.132084	     0.939183	    0.0398210	     0.341100 
Trace2	   0.00515716	Ortho Z	      404.719	      467.117	      1184.00	      4.19061	     0.139547	      16.6766	      4.01435	     0.133678	      4.20832	     0.156359	      4.03132	     0.134243	     0.953781	   -0.0922013	     0.286008 
Trace2	   0.00139134	Ortho Z	      404.074	      468.080	      1184.00	      4.15734	     0.138440	      14.1557	      4.03111	     0.134236	      4.13803	     0.156880	      4.01238	     0.133612	     0.961866	    -0.125111	     0.243230 
Trace2	  0.000655303	Ortho Z	      403.976	      468.987	      1184.00	      4.24963	     0.141513	      13.3293	      4.13515	     0.137700	      4.25161	    0.0996304	      4.13708	     0.137765	     0.969893	   -0.0859260	     0.227869 
Trace2	   0.00126809	Ortho Z	      404.458	      469.928	      1184.00	      3.97677	     0.132427	      11.4934	      3.89703	     0.129771	      4.13331	     0.111678	      4.05042	     0.134879	     0.979720	   -0.0248349	     0.198825 
Trace2	   0.00199611	Ortho Z	      404.905	      470.910	      1184.00	      4.01562	     0.133720	      8.63444	      3.97011	     0.132205	      4.14477	     0.131893	      4.09779	     0.136457	     0.988370	   -0.0242235	     0.150126 
Trace2	   0.00740912	Ortho Z	      404.432	      471.929	      1184.00	      4.10913	     0.136834	      3.96188	      4.09931	     0.136507	      4.20986	     0.120468	      4.19980	     0.139853	     0.995225	   -0.0690245	    0.0690111 
Trace2	    0.0160946	Ortho Z	      404.930	      472.868	      1184.00	      4.14187	     0.137924	     0.931829	      4.14132	     0.137906	      4.28159	     0.116137	      4.28102	     0.142558	     0.999894	   0.00885501	   -0.0115649 
Trace2	    0.0165371	Ortho Z	      404.522	      473.860	      1184.00	      4.15937	     0.138507	      5.44806	      4.14058	     0.137881	      4.31481	     0.103759	      4.29532	     0.143034	     0.995079	   -0.0283815	   -0.0949350 
Trace2	    0.0104330	Ortho Z	      404.667	      474.859	      1184.00	      4.24376	     0.141317	      12.1527	      4.14866	     0.138150	      4.45986	     0.334246	      4.35991	     0.145185	     0.969864	    -0.145050	    -0.195766 
Trace2	   0.00421594	Ortho Z	      405.177	      475.541	      1184.00	      3.84946	     0.128187	      11.5956	      3.77090	     0.125571	      4.08503	     0.276011	      4.00166	     0.133255	     0.941155	    -0.274329	    -0.197409 
Trace2	   0.00889373	Ortho Z	      404.871	      476.332	      1184.00	      3.95300	     0.131635	      15.4500	      3.81015	     0.126878	      4.04955	     0.132949	      3.90321	     0.129977	     0.911270	    -0.323260	    -0.255127 
Trace2	   0.00709104	Ortho Z	      405.240	      477.013	      1184.00	      3.80708	     0.126776	      15.4344	      3.66978	     0.122204	      3.83005	     0.123560	      3.69192	     0.122941	     0.901651	    -0.340968	    -0.266018 
Trace2	   0.00645644	Ortho Z	      405.835	      477.502	      1184.00	      3.97822	     0.132475	      19.1679	      3.75767	     0.125130	      3.95189	     0.121013	      3.73280	     0.124302	     0.886133	    -0.328020	    -0.327371 
Trace2	    0.0172053	Ortho Z	      405.272	      478.423	      1184.00	      4.15426	     0.138337	      21.0002	      3.87833	     0.129148	      4.17604	     0.275915	      3.89866	     0.129825	     0.923103	    -0.139504	    -0.358357 
Trace2	    0.0343219	Ortho Z	      406.114	      479.291	      1184.00	      4.07718	     0.135770	      19.3522	      3.84682	     0.128099	      4.15884	     0.138247	      3.92386	     0.130665	     0.947629	   -0.0526100	    -0.315011 
Trace2	    0.0400037	Ortho Z	      406.069	      480.308	      1184.00	      4.34756	     0.144774	      5.20683	      4.32962	     0.144176	      4.20647	     0.258945	      4.18911	     0.139497	     0.966566	     0.240259	   -0.0895836 
Trace2	   0.00880944	Ortho Z	      404.913	      481.070	      1184.00	      4.28959	     0.142843	      2.31915	      4.28608	     0.142726	      4.38971	     0.188390	      4.38611	     0.146058	     0.934384	     0.354860	   -0.0316337 
Trace2	    0.0134120	Ortho Z	      404.832	      482.367	      1184.00	      4.30249	     0.143273	      1.31998	      4.30135	     0.143235	      4.14962	     0.159174	      4.14852	     0.138146	     0.935577	     0.353054	   0.00703453 
Trace2	   0.00707024	Ortho Z	      405.082	      483.696	      1184.00	      3.90076	     0.129895	      5.63895	      3.88189	     0.129267	      4.02780	     0.106513	      4.00831	     0.133477	     0.971711	     0.230977	    0.0492672 
Trace2	   0.00720845	Ortho Z	      404.245	      484.757	      1184.00	      4.14659	     0.138082	      7.43879	      4.11170	     0.136919	      4.16146	     0.148939	      4.12644	     0.137410	     0.989039	    0.0710227	     0.129448 
Trace2	   0.00107485	Ortho Z	      404.556	      485.820	      1184.00	      4.27500	     0.142358	      7.38205	      4.23957	     0.141178	      4.14128	     0.182145	      4.10695	     0.136761	     0.989986	   -0.0713209	     0.121827 
Trace2	    0.0116573	Ortho Z	      404.894	      486.795	      1184.00	      4.17716	     0.139099	      3.69745	      4.16846	     0.138810	      4.13996	     0.189320	      4.13134	     0.137574	     0.997672	    0.0247136	    0.0635560 
Trace2	    0.0161436	Ortho Z	      404.095	      487.804	      1184.00	      4.07868	     0.135820	      3.18927	      4.07236	     0.135610	      4.15167	     0.175238	      4.14524	     0.138036	     0.993956	     0.102554	   -0.0391638 
Trace2	    0.0129853	Ortho Z	      404.077	      488.915	      1184.00	      4.05623	     0.135072	      7.49964	      4.02153	     0.133917	      4.11870	     0.172884	      4.08346	     0.135979	     0.977475	     0.165918	    -0.130436 
Trace2	    0.0297276	Ortho Z	      404.170	      490.076	      1184.00	      4.17717	     0.139100	      5.59332	      4.15728	     0.138437	      4.23415	     0.170823	      4.21399	     0.140326	     0.955064	     0.283746	   -0.0856810 
Trace2	   0.00308562	Ortho Z	      403.481	      491.278	      1184.00	      3.67785	     0.122473	      9.77579	      3.62445	     0.120694	      3.81126	     0.348889	      3.75592	     0.125072	     0.769401	     0.634956	   -0.0696627 
Trace2	    0.0377000	Ortho Z	      402.210	      491.822	      1184.00	      3.13093	     0.104260	      6.06055	      3.11343	     0.103677	      3.38254	     0.228917	      3.36364	     0.112009	     0.815881	     0.577201	    0.0343039 
Trace2	    0.0139828	Ortho Z	      401.578	      493.083	      1184.00	      3.52392	     0.117346	      13.0316	      3.43316	     0.114324	      3.75359	     0.265811	      3.65692	     0.121775	     0.823542	     0.558727	    0.0979941 
Trace2	    0.0277962	Ortho Z	      401.063	      494.243	      1184.00	      4.05581	     0.135058	      10.8178	      3.98373	     0.132658	      4.12495	     0.267495	      4.05165	     0.134920	     0.949552	     0.253461	     0.184684 
Trace2	    0.0175184	Ortho Z	      400.926	      495.462	      1184.00	      4.12379	     0.137322	      10.7744	      4.05109	     0.134901	      4.17302	     0.253138	      4.09945	     0.136512	     0.985068	    0.0466366	     0.165727 
Trace2	    0.0109939	Ortho Z	      401.377	      496.402	      1184.00	      3.89314	     0.129642	      9.88877	      3.83530	     0.127716	      3.82331	     0.173797	      3.76650	     0.125425	     0.982868	   -0.0672018	     0.171625 
Trace2	    0.0104548	Ortho Z	      401.679	      497.316	      1184.00	      3.58597	     0.119413	      13.2102	      3.49108	     0.116253	      3.53599	     0.353928	      3.44242	     0.114633	     0.946482	    -0.229722	     0.226713 
Trace2	    0.0191438	Ortho Z	      401.634	      498.155	      1184.00	      3.35303	     0.111656	      16.9923	      3.20665	     0.106782	      3.50226	     0.264222	      3.34936	     0.111534	     0.928109	    -0.233741	     0.289792 
Trace2	    0.0152104	Ortho Z	      401.797	      498.943	      1184.00	      3.08481	     0.102724	      20.9665	      2.88056	    0.0959228	      3.34312	     0.246399	      3.12177	     0.103955	     0.916358	    -0.180976	     0.357122 
Trace2	   0.00914923	Ortho Z	      402.051	      499.762	      1184.00	      3.20023	     0.106568	      23.7098	      2.93011	    0.0975726	      3.40493	     0.314310	      3.11753	     0.103814	     0.902074	    -0.158539	     0.401408 
Trace2	   0.00634796	Ortho Z	      402.487	      500.510	      1184.00	      3.79075	     0.126232	      24.8103	      3.44088	     0.114581	      3.66513	     0.334734	      3.32684	     0.110784	     0.889208	    -0.182311	     0.419610 
Trace2	   0.00686697	Ortho Z	      402.654	      501.295	      1184.00	      3.87486	     0.129033	      22.0136	      3.59236	     0.119626	      3.74495	     0.300977	      3.47192	     0.115615	     0.915126	    -0.148918	     0.374658 
Trace2	    0.0160356	Ortho Z	      402.854	      502.146	      1184.00	      4.16443	     0.138676	      18.1080	      3.95818	     0.131807	      3.95493	     0.243960	      3.75905	     0.125176	     0.938984	    -0.147664	     0.310653 
Trace2	    0.0353379	Ortho Z	      403.199	      502.958	      1184.00	      4.37272	     0.145612	      10.9937	      4.29247	     0.142939	      4.14074	     0.306545	      4.06475	     0.135356	     0.967214	    -0.193221	     0.164809 
Trace2	    0.0853476	Ortho Z	      403.028	      504.001	      1184.00	      4.16697	     0.138760	      1.74651	      4.16503	     0.138696	      3.94804	     0.356283	      3.94621	     0.131409	     0.997120	    0.0700367	   -0.0290774 
Trace2	     0.448497	Ortho Z	      403.223	      505.081	      1184.00	      3.62050	     0.120563	      26.1364	      3.25030	     0.108235	      3.58603	     0.287263	      3.21935	     0.107204	     0.918454	    -0.225117	     0.325216 
Trace3	    0.0955774	Ortho Z	      402.589	      503.970	      1184.00	      4.14125	     0.137904	      1.27961	      4.14022	     0.137869	      3.90081	     0.364370	      3.89984	     0.129865	     0.997470	    0.0675359	   -0.0221897 
Trace3	    0.0410691	Ortho Z	      402.758	      502.963	      1184.00	      4.39681	     0.146414	      11.9147	      4.30209	     0.143259	      4.16913	     0.298588	      4.07931	     0.135841	     0.968863	    -0.167958	     0.181921 
Trace3	   0.00496916	Ortho Z	      402.307	      502.020	      1184.00	      3.97519	     0.132374	      19.0519	      3.75744	     0.125123	      3.82613	     0.322189	      3.61655	     0.120431	     0.929538	    -0.173755	     0.325219 
Trace3	    0.0120405	Ortho Z	      402.110	      501.027	      1184.00	      4.13496	     0.137694	      25.1548	      3.74281	     0.124635	      3.92777	     0.252026	      3.55527	     0.118391	     0.897951	    -0.117186	     0.424207 
Trace3	   0.00739006	Ortho Z	      401.804	      500.049	      1184.00	      3.55056	     0.118234	      26.7727	      3.16995	     0.105559	      3.66483	     0.278486	      3.27196	     0.108956	     0.879368	    -0.154834	     0.450265 
Trace3	    0.0129366	Ortho Z	      402.217	      498.937	      1184.00	      3.11846	     0.103845	      21.2930	      2.90558	    0.0967558	      3.34782	     0.255161	      3.11929	     0.103872	     0.917468	    -0.164420	     0.362243 
Trace3	   0.00726790	Ortho Z	      401.378	      498.096	      1184.00	      3.38323	     0.112662	      17.9005	      3.21946	     0.107208	      3.49380	     0.345709	      3.32467	     0.110712	     0.938903	    -0.175434	     0.296115 
Trace3	    0.0187438	Ortho Z	      401.789	      496.897	      1184.00	      4.15532	     0.138372	      12.1431	      4.06234	     0.135276	      3.89362	     0.416551	      3.80650	     0.126757	     0.958580	    -0.192847	     0.209607 
Trace3	    0.0108309	Ortho Z	      401.708	      495.919	      1184.00	      3.97456	     0.132353	      11.5429	      3.89418	     0.129676	      3.96645	     0.160711	      3.88623	     0.129411	     0.979145	   -0.0672888	     0.191694 
Trace3	    0.0177900	Ortho Z	      401.966	      494.933	      1184.00	      3.99594	     0.133065	      10.0201	      3.93499	     0.131035	      4.06082	     0.210979	      3.99888	     0.133163	     0.983409	    0.0514829	     0.173943 
Trace3	    0.0152162	Ortho Z	      402.144	      493.901	      1184.00	      3.68966	     0.122866	      10.5594	      3.62717	     0.120785	      3.85694	     0.363180	      3.79162	     0.126261	     0.944538	     0.286550	     0.160428 
Trace3	    0.0501510	Ortho Z	      401.722	      492.430	      1184.00	      3.48478	     0.116043	      8.63075	      3.44532	     0.114729	      3.59686	     0.330706	      3.55613	     0.118419	     0.752524	     0.649447	     0.109205 
Trace3	    0.0366190	Ortho Z	      402.863	      491.716	      1184.00	      3.34222	     0.111296	      13.8055	      3.24567	     0.108081	      3.53699	     0.178242	      3.43481	     0.114379	     0.855208	     0.517915	    0.0195841 
Trace3	   0.00814566	Ortho Z	      403.997	      490.650	      1184.00	      3.75820	     0.125148	      5.14413	      3.74306	     0.124644	      3.99367	     0.397551	      3.97759	     0.132454	     0.896563	     0.436277	   -0.0763992 
Trace3	    0.0177698	Ortho Z	      404.789	      489.460	      1184.00	      4.16886	     0.138823	      7.41133	      4.13403	     0.137663	      4.02994	     0.184704	      3.99627	     0.133076	     0.978458	     0.161316	    -0.128830 
Trace3	    0.0131984	Ortho Z	      403.597	      488.248	      1184.00	      4.15871	     0.138485	      6.81111	      4.12936	     0.137508	      4.24999	     0.126732	      4.22000	     0.140526	     0.982883	     0.141734	    -0.117694 
Trace3	    0.0156553	Ortho Z	      403.976	      487.268	      1184.00	      4.22065	     0.140548	      3.76998	      4.21152	     0.140244	      4.18543	     0.203297	      4.17638	     0.139073	     0.996932	    0.0425545	    0.0656862 
Trace3	   0.00184650	Ortho Z	      404.180	      486.258	      1184.00	      4.23482	     0.141020	      6.99164	      4.20333	     0.139971	      4.16985	     0.182723	      4.13884	     0.137824	     0.991101	   -0.0555160	     0.120980 
Trace3	   0.00641278	Ortho Z	      404.281	      485.260	      1184.00	      4.20493	     0.140024	      6.79646	      4.17538	     0.139040	      4.16574	     0.138745	      4.13647	     0.137744	     0.992048	    0.0615911	     0.109756 
Trace3	    0.0152486	Ortho Z	      404.171	      484.195	      1184.00	      4.12439	     0.137342	      11.4293	      4.04261	     0.134619	      4.20045	     0.150977	      4.11716	     0.137101	     0.983394	     0.107033	     0.146561 
Trace3	    0.0168592	Ortho Z	      404.479	      483.208	      1184.00	      4.08173	     0.135921	      2.31270	      4.07840	     0.135811	      4.23364	     0.125167	      4.23020	     0.140866	     0.966428	     0.253774	    0.0401966 
Trace3	   0.00871567	Ortho Z	      404.750	      482.165	      1184.00	      4.39252	     0.146271	      1.13841	      4.39165	     0.146242	      4.33451	    0.0700246	      4.33366	     0.144311	     0.930216	     0.366781	   -0.0130425 
Trace3	    0.0126246	Ortho Z	      405.059	      481.150	      1184.00	      4.17155	     0.138913	      3.64048	      4.16314	     0.138632	      4.35818	     0.250939	      4.34938	     0.144835	     0.922540	     0.385793	  -0.00913313 
Trace3	    0.0483332	Ortho Z	      405.039	      480.121	      1184.00	      4.33703	     0.144423	      5.22444	      4.31901	     0.143823	      4.19461	     0.178819	      4.17718	     0.139100	     0.966737	     0.247768	   -0.0634823 
Trace3	    0.0354980	Ortho Z	      405.933	      479.125	      1184.00	      4.04600	     0.134732	      19.1284	      3.82261	     0.127293	      4.20255	     0.153434	      3.97051	     0.132218	     0.943775	   -0.0483515	    -0.327034 
Trace3	    0.0100336	Ortho Z	      405.148	      478.316	      1184.00	      4.25464	     0.141680	      21.4319	      3.96044	     0.131883	      4.27566	     0.256620	      3.98001	     0.132534	     0.908351	    -0.215616	    -0.358342 
Trace3	    0.0119877	Ortho Z	      405.453	      477.113	      1184.00	      3.77427	     0.125683	      15.5063	      3.63689	     0.121108	      3.89826	     0.126664	      3.75637	     0.125087	     0.907220	    -0.325946	    -0.265914 
Trace3	   0.00478155	Ortho Z	      404.993	      476.169	      1184.00	      3.80073	     0.126564	      12.0244	      3.71734	     0.123787	      4.04335	     0.227549	      3.95464	     0.131689	     0.940188	    -0.272374	    -0.204594 
Trace3	    0.0186676	Ortho Z	      404.942	      475.142	      1184.00	      4.19172	     0.139584	      11.0932	      4.11340	     0.136976	      4.29915	     0.170987	      4.21882	     0.140487	     0.972098	    -0.142846	    -0.186066 
Trace3	    0.0162523	Ortho Z	      405.008	      474.158	      1184.00	      4.14815	     0.138133	      5.74258	      4.12733	     0.137440	      4.29785	     0.102577	      4.27628	     0.142400	     0.994989	   -0.0274748	   -0.0961377 
Trace3	    0.0162277	Ortho Z	      404.247	      473.152	      1184.00	      4.27804	     0.142459	      1.05873	      4.27731	     0.142434	      4.33430	     0.126501	      4.33356	     0.144308	     0.999747	    0.0134876	   -0.0180104 
Trace3	   0.00818613	Ortho Z	      404.564	      472.132	      1184.00	      4.06800	     0.135464	      4.84020	      4.05349	     0.134981	      4.23007	    0.0929536	      4.21498	     0.140359	     0.994960	   -0.0546309	    0.0840798 
Trace3	   0.00600060	Ortho Z	      404.705	      471.121	      1184.00	      4.01474	     0.133691	      9.41955	      3.96060	     0.131888	      4.12895	     0.103795	      4.07327	     0.135640	     0.984851	   -0.0572971	     0.163662 
Trace3	   0.00102546	Ortho Z	      404.299	      470.132	      1184.00	      4.12022	     0.137203	      12.1076	      4.02857	     0.134151	      4.27930	     0.111869	      4.18411	     0.139331	     0.977016	   -0.0402117	     0.209340 
Trace3	   0.00183529	Ortho Z	      404.352	      469.119	      1184.00	      4.02154	     0.133917	      14.0920	      3.90051	     0.129887	      4.09025	     0.119215	      3.96716	     0.132106	     0.967915	   -0.0664818	     0.242325 
Trace3	  0.000692327	Ortho Z	      403.727	      468.181	      1184.00	      4.41551	     0.147037	      14.6405	      4.27215	     0.142262	      4.36950	     0.141825	      4.22763	     0.140780	     0.961391	    -0.109083	     0.252642 
Trace3	   0.00613122	Ortho Z	      404.494	      467.092	      1184.00	      4.28442	     0.142671	      17.7019	      4.08156	     0.135916	      4.30575	     0.187382	      4.10188	     0.136593	     0.946177	    -0.111842	     0.303710 
Trace3	    0.0222541	Ortho Z	      404.328	      466.095	      1184.00	      4.13106	     0.137564	      20.4291	      3.87124	     0.128912	      4.30456	     0.234157	      4.03383	     0.134327	     0.936842	    0.0412460	     0.347312 
Trace3	    0.0180383	Ortho Z	      404.068	      464.993	      1184.00	      4.03488	     0.134361	      18.8860	      3.81766	     0.127128	      4.11766	     0.159024	      3.89599	     0.129736	     0.936417	     0.160858	     0.311845 
Trace3	    0.0162304	Ortho Z	      404.313	      463.987	      1184.00	      4.09350	     0.136314	      16.8665	      3.91741	     0.130450	      4.04868	     0.106824	      3.87452	     0.129021	     0.928106	     0.233896	     0.289675 
Trace3	    0.0135904	Ortho Z	      404.889	      463.069	      1184.00	      4.14793	     0.138126	      12.8152	      4.04461	     0.134685	      4.22271	     0.122882	      4.11753	     0.137114	     0.938013	     0.266502	     0.221605 
Trace3	   0.00734344	Ortho Z	      404.786	      461.924	      1184.00	      4.27667	     0.142413	      7.37272	      4.24132	     0.141236	      4.26108	     0.105556	      4.22585	     0.140721	     0.936845	     0.325459	     0.128056 
Trace3	   0.00569218	Ortho Z	      405.148	      460.935	      1184.00	      4.24953	     0.141509	      3.63647	      4.24097	     0.141224	      4.22810	    0.0917331	      4.21959	     0.140512	     0.964553	     0.261644	    0.0343321 
Trace3	   0.00320096	Ortho Z	      405.593	      459.986	      1184.00	      4.38280	     0.145947	      1.19759	      4.38184	     0.145915	      4.27788	     0.148399	      4.27695	     0.142422	     0.977901	     0.208202	   -0.0190069 
Trace3	   0.00317628	Ortho Z	      405.603	      458.975	      1184.00	      4.16303	     0.138629	      2.17867	      4.16002	     0.138529	      4.22190	     0.143772	      4.21885	     0.140488	     0.987904	     0.153103	   -0.0246195 
Trace3	   0.00762134	Ortho Z	      406.246	      458.084	      1184.00	      4.14535	     0.138040	      4.67308	      4.13157	     0.137581	      4.14882	     0.175887	      4.13503	     0.137696	     0.969931	     0.232715	   -0.0712516 
Trace3	   0.00892373	Ortho Z	      406.372	      457.079	      1184.00	      3.82794	     0.127470	      6.26287	      3.80509	     0.126710	      4.00052	     0.220747	      3.97664	     0.132422	     0.934686	     0.338425	    -0.108768 
Trace3	   0.00694351	Ortho Z	      406.485	      455.989	      1184.00	      3.85171	     0.128262	      2.99594	      3.84644	     0.128087	      3.94336	     0.181002	      3.93797	     0.131134	     0.934045	     0.353573	   -0.0504624 
Trace3	    0.0109374	Ortho Z	      406.964	      455.022	      1184.00	      3.89491	     0.129700	     0.615824	      3.89468	     0.129693	      3.97668	     0.168636	      3.97645	     0.132416	     0.924476	     0.381237	  -0.00151681 
Trace3	   0.00994978	Ortho Z	      407.809	      454.201	      1184.00	      4.12541	     0.137376	      5.85705	      4.10387	     0.136659	      3.98145	     0.112612	      3.96067	     0.131890	     0.922767	     0.371603	     0.102046 
Trace3	   0.00442000	Ortho Z	      407.711	      452.993	      1184.00	      3.86215	     0.128609	      8.74312	      3.81727	     0.127115	      3.97732	     0.198445	      3.93110	     0.130906	     0.948374	     0.279157	     0.150526 
Trace3	   0.00685456	Ortho Z	      407.681	      451.896	      1184.00	      4.24894	     0.141490	      10.9286	      4.17188	     0.138924	      4.23343	     0.155262	      4.15665	     0.138416	     0.945769	     0.264243	     0.188935 
Trace3	    0.0144631	Ortho Z	      408.887	      451.181	      1184.00	      4.36012	     0.145192	      17.4504	      4.15946	     0.138510	      4.28538	     0.155024	      4.08816	     0.136136	     0.904129	     0.304697	     0.299518 
Trace3	    0.0160237	Ortho Z	      409.201	      450.226	      1184.00	      4.31532	     0.143700	      22.5952	      3.98408	     0.132670	      4.19348	     0.172798	      3.87159	     0.128924	     0.854063	     0.350667	     0.384199 
Trace3	    0.0103134	Ortho Z	      409.142	      449.032	      1184.00	      4.13177	     0.137588	      25.0883	      3.74196	     0.124607	      3.94847	     0.269609	      3.57595	     0.119079	     0.826615	     0.380295	     0.414829 
Trace3	   0.00349968	Ortho Z	      409.791	      448.055	      1184.00	      4.00041	     0.133214	      27.9411	      3.53408	     0.117685	      4.10530	     0.152286	      3.62675	     0.120771	     0.758280	     0.454414	     0.467460 
Trace3	   0.00833788	Ortho Z	      409.963	      446.826	      1184.00	      4.07648	     0.135747	      17.2837	      3.89240	     0.129617	      4.01141	     0.167752	      3.83027	     0.127548	     0.918104	     0.265993	     0.293824 
Trace3	   0.00248775	Ortho Z	      410.453	      445.887	      1184.00	      3.92338	     0.130648	      12.1820	      3.83503	     0.127707	      3.92223	     0.231812	      3.83391	     0.127669	     0.947045	     0.242422	     0.210563 
Trace3	    0.0124582	Ortho Z	      410.754	      444.848	      1184.00	      3.61968	     0.120535	      14.7664	      3.50013	     0.116554	      3.70966	     0.193555	      3.58714	     0.119452	     0.886685	     0.385807	     0.254840 
Trace3	   0.00251961	Ortho Z	      411.372	      443.851	      1184.00	      3.33969	     0.111212	      17.2870	      3.18883	     0.106188	      3.50278	     0.345214	      3.34455	     0.111373	     0.759604	     0.578987	     0.296270 
Trace3	   0.00838045	Ortho Z	      412.268	      442.965	      1184.00	      3.66515	     0.122049	      18.1337	      3.48311	     0.115988	      3.53785	     0.118006	      3.36214	     0.111959	     0.810627	     0.499220	     0.306045 
Trace3	    0.0836250	Ortho Z	      413.673	      442.010	      1184.00	      4.35224	     0.144929	      26.0403	      3.91042	     0.130217	      4.62371	      1.05522	      4.15433	     0.138339	     0.753457	     0.642544	    -0.139424 
Trace3	    0.0411308	Ortho Z	      413.809	      440.949	      1184.00	      4.78600	     0.159374	      14.9354	      4.62432	     0.153990	      4.96801	     0.952631	      4.80018	     0.159846	     0.962536	     0.123586	    -0.241354 
Trace3	    0.0236242	Ortho Z	      413.564	      439.570	      1184.00	      3.89757	     0.129789	      22.7499	      3.59434	     0.119692	      4.05871	     0.194629	      3.74295	     0.124640	     0.960998	    0.0734131	     0.266633 
Trace3	    0.0324299	Ortho Z	      413.051	      438.515	      1184.00	      4.13295	     0.137627	      6.95137	      4.10257	     0.136616	      4.13720	     0.289124	      4.10679	     0.136756	     0.996175	    0.0148349	    0.0861109 
Trace3	    0.0319044	Ortho Z	      413.325	      437.530	      1184.00	      4.10629	     0.136739	      1.04413	      4.10561	     0.136717	      4.29255	     0.301474	      4.29184	     0.142918	     0.994750	     0.102060	   0.00744802 
Trace3	    0.0440658	Ortho Z	      413.297	      436.539	      1184.00	      4.28719	     0.142764	      22.8737	      3.95006	     0.131537	      3.76993	     0.733799	      3.47347	     0.115667	     0.887520	    -0.406303	    -0.217314 
Trace3	     0.410311	Ortho Z	      412.967	      435.561	      1184.00	      2.70767	    0.0901654	      16.5349	      2.59570	    0.0864368	      3.35421	     0.920225	      3.21550	     0.107076	     0.928545	    -0.367845	   -0.0499400 
Trace3	     0.406610	Ortho Z	      402.432	      504.964	      1184.00	      4.02083	     0.133894	      18.6730	      3.80918	     0.126846	      3.65890	     0.564573	      3.46630	     0.115428	     0.938140	     0.164517	     0.304676 
Trace4	    0.0843251	Ortho Z	      403.183	      504.011	      1184.00	      4.12801	     0.137463	      2.90701	      4.12270	     0.137286	      3.90576	     0.370633	      3.90074	     0.129895	     0.997522	    0.0513586	   -0.0480765 
Trace4	    0.0187398	Ortho Z	      402.311	      503.094	      1184.00	      4.39686	     0.146416	      15.0626	      4.24580	     0.141385	      4.23943	     0.304056	      4.09377	     0.136323	     0.948242	    -0.235902	     0.212576 
Trace4	   0.00359773	Ortho Z	      402.821	      501.927	      1184.00	      3.97492	     0.132365	      18.8314	      3.76215	     0.125280	      3.83026	     0.319609	      3.62524	     0.120720	     0.931920	    -0.170359	     0.320161 
Trace4	   0.00944203	Ortho Z	      402.574	      500.941	      1184.00	      4.06324	     0.135306	      24.6546	      3.69283	     0.122971	      3.84125	     0.309136	      3.49107	     0.116253	     0.897766	    -0.141469	     0.417136 
Trace4	   0.00620252	Ortho Z	      402.198	      499.978	      1184.00	      3.37262	     0.112308	      25.1267	      3.05347	     0.101681	      3.54383	     0.312057	      3.20848	     0.106842	     0.893122	    -0.151441	     0.423554 
Trace4	    0.0134988	Ortho Z	      402.634	      498.865	      1184.00	      3.09025	     0.102905	      20.9139	      2.88666	    0.0961257	      3.35330	     0.255798	      3.13238	     0.104308	     0.915661	    -0.185791	     0.356438 
Trace4	    0.0129815	Ortho Z	      401.789	      498.021	      1184.00	      3.47518	     0.115724	      15.8466	      3.34311	     0.111326	      3.55041	     0.423675	      3.41549	     0.113736	     0.936497	    -0.221314	     0.272016 
Trace4	    0.0191405	Ortho Z	      401.217	      497.101	      1184.00	      4.04058	     0.134551	      12.4558	      3.94548	     0.131384	      3.88787	     0.471103	      3.79636	     0.126419	     0.948359	    -0.232697	     0.215561 
Trace4	    0.0143789	Ortho Z	      401.088	      495.878	      1184.00	      3.93847	     0.131151	      10.9797	      3.86638	     0.128750	      3.96424	     0.178033	      3.89167	     0.129593	     0.980997	   -0.0603539	     0.184397 
Trace4	    0.0180210	Ortho Z	      401.354	      494.893	      1184.00	      3.95996	     0.131867	      10.0219	      3.89954	     0.129855	      4.04312	     0.209377	      3.98143	     0.132582	     0.983302	    0.0533924	     0.173972 
Trace4	    0.0151264	Ortho Z	      401.530	      493.862	      1184.00	      3.68921	     0.122851	      10.2953	      3.62981	     0.120873	      3.86220	     0.363705	      3.80001	     0.126540	     0.944183	     0.287871	     0.160153 
Trace4	    0.0233952	Ortho Z	      402.162	      492.917	      1184.00	      3.41205	     0.113621	      8.49401	      3.37463	     0.112375	      3.54271	     0.433392	      3.50385	     0.116678	     0.859221	     0.492454	     0.138665 
Trace4	    0.0149120	Ortho Z	      402.662	      491.835	      1184.00	      3.32637	     0.110768	      2.21000	      3.32390	     0.110686	      3.42164	     0.316409	      3.41909	     0.113856	     0.773224	     0.634054	  -0.00996455 
Trace4	   0.00473429	Ortho Z	      402.984	      490.523	      1184.00	      3.85760	     0.128458	      7.27227	      3.82656	     0.127425	      4.12011	     0.313345	      4.08696	     0.136096	     0.891837	     0.444745	   -0.0826284 
Trace4	    0.0161311	Ortho Z	      404.206	      489.807	      1184.00	      4.33409	     0.144325	      8.28931	      4.28881	     0.142817	      4.31350	     0.165735	      4.26844	     0.142139	     0.977499	     0.186570	   -0.0984279 
Trace4	    0.0125370	Ortho Z	      404.661	      488.686	      1184.00	      4.10764	     0.136784	      7.60510	      4.07151	     0.135581	      4.13889	     0.174177	      4.10248	     0.136613	     0.980185	     0.148702	    -0.130865 
Trace4	    0.0171594	Ortho Z	      404.035	      487.582	      1184.00	      4.08211	     0.135934	     0.268317	      4.08206	     0.135933	      4.12004	     0.151771	      4.11999	     0.137196	     0.996738	    0.0806693	  -0.00212917 
Trace4	   0.00773386	Ortho Z	      404.313	      486.580	      1184.00	      4.21159	     0.140246	      4.41550	      4.19909	     0.139830	      4.16371	     0.203887	      4.15135	     0.138240	     0.997772	    0.0139678	    0.0652359 
Trace4	   0.00203611	Ortho Z	      404.441	      485.570	      1184.00	      4.26181	     0.141918	      5.50271	      4.24217	     0.141264	      4.18771	     0.217529	      4.16841	     0.138808	     0.995838	   -0.0237433	    0.0880006 
Trace4	   0.00612522	Ortho Z	      404.679	      484.601	      1184.00	      4.04038	     0.134545	      8.16154	      3.99945	     0.133182	      4.12173	     0.150826	      4.07999	     0.135864	     0.988201	    0.0878822	     0.125441 
Trace4	    0.0129272	Ortho Z	      404.889	      483.601	      1184.00	      4.02849	     0.134149	      3.36679	      4.02154	     0.133917	      4.16397	     0.109763	      4.15678	     0.138421	     0.968919	     0.240568	    0.0576364 
Trace4	    0.0187606	Ortho Z	      404.981	      482.668	      1184.00	      4.28169	     0.142580	      3.34753	      4.27438	     0.142337	      4.24112	     0.133997	      4.23389	     0.140988	     0.942335	     0.334399	    0.0134685 
Trace4	    0.0142679	Ortho Z	      405.137	      481.534	      1184.00	      4.07044	     0.135546	      1.53723	      4.06897	     0.135497	      4.06510	     0.187054	      4.06363	     0.135319	     0.943702	     0.329908	   -0.0242336 
Trace4	    0.0220860	Ortho Z	      405.591	      480.597	      1184.00	      4.56981	     0.152175	      4.63080	      4.55489	     0.151678	      4.42381	     0.183513	      4.40936	     0.146832	     0.962194	     0.271542	   -0.0211409 
Trace4	    0.0585037	Ortho Z	      405.436	      479.600	      1184.00	      4.36206	     0.145257	      11.3906	      4.27615	     0.142396	      4.36312	     0.137723	      4.27718	     0.142430	     0.974418	     0.131779	    -0.182057 
Trace4	    0.0173703	Ortho Z	      406.016	      478.555	      1184.00	      3.89798	     0.129803	      20.5922	      3.64893	     0.121509	      4.00915	     0.263969	      3.75299	     0.124975	     0.928192	    -0.130530	    -0.348457 
Trace4	    0.0102724	Ortho Z	      405.399	      477.690	      1184.00	      4.15733	     0.138439	      19.3116	      3.92341	     0.130650	      4.11880	     0.148844	      3.88705	     0.129439	     0.890548	    -0.314569	    -0.328589 
Trace4	   0.00958648	Ortho Z	      404.644	      476.829	      1184.00	      3.89656	     0.129755	      14.4328	      3.77358	     0.125660	      4.07524	     0.152064	      3.94663	     0.131423	     0.910643	    -0.329594	    -0.249192 
Trace4	    0.0108091	Ortho Z	      404.536	      475.685	      1184.00	      3.98491	     0.132697	      15.5356	      3.83932	     0.127849	      4.16195	     0.212318	      4.00989	     0.133529	     0.920474	    -0.302756	    -0.247116 
Trace4	    0.0107605	Ortho Z	      404.477	      474.605	      1184.00	      4.07472	     0.135688	      9.93824	      4.01357	     0.133652	      4.35849	     0.251077	      4.29309	     0.142960	     0.976179	    -0.131511	    -0.172565 
Trace4	    0.0172183	Ortho Z	      404.634	      473.608	      1184.00	      4.29103	     0.142891	      5.45489	      4.27160	     0.142244	      4.42235	    0.0906171	      4.40232	     0.146597	     0.995571	  -0.00540628	   -0.0938566 
Trace4	    0.0168755	Ortho Z	      404.878	      472.612	      1184.00	      4.23069	     0.140882	     0.640576	      4.23042	     0.140873	      4.36910	     0.119200	      4.36883	     0.145482	     0.999910	   0.00757623	   -0.0110505 
Trace4	   0.00725427	Ortho Z	      404.121	      471.669	      1184.00	      4.12575	     0.137388	      6.30090	      4.10083	     0.136558	      4.22601	     0.108367	      4.20048	     0.139876	     0.992369	   -0.0587074	     0.108428 
Trace4	   0.00244712	Ortho Z	      404.239	      470.666	      1184.00	      4.04128	     0.134575	      8.58104	      3.99604	     0.133068	      4.17023	     0.143247	      4.12355	     0.137314	     0.988059	   -0.0412159	     0.148464 
Trace4	   0.00150075	Ortho Z	      404.358	      469.662	      1184.00	      3.91293	     0.130301	      11.4250	      3.83540	     0.127719	      4.07000	     0.118968	      3.98936	     0.132846	     0.979757	   -0.0289892	     0.198080 
Trace4	  0.000661863	Ortho Z	      403.883	      468.692	      1184.00	      4.16288	     0.138624	      13.4218	      4.04918	     0.134838	      4.22044	     0.101576	      4.10517	     0.136702	     0.968839	   -0.0881269	     0.231485 
Trace4	   0.00408257	Ortho Z	      404.782	      467.615	      1184.00	      4.09243	     0.136278	      14.9028	      3.95478	     0.131694	      4.08276	     0.165351	      3.94543	     0.131383	     0.963414	   -0.0754541	     0.257178 
Trace4	   0.00756394	Ortho Z	      404.619	      466.621	      1184.00	      3.97230	     0.132277	      18.3893	      3.76945	     0.125523	      4.34194	     0.318358	      4.12022	     0.137203	     0.947905	   -0.0457179	     0.315254 
Trace4	    0.0142816	Ortho Z	      404.620	      465.618	      1184.00	      4.08209	     0.135934	      19.3777	      3.85085	     0.128233	      4.26334	     0.238370	      4.02183	     0.133927	     0.931911	     0.154346	     0.328206 
Trace4	    0.0179443	Ortho Z	      404.705	      464.577	      1184.00	      4.05124	     0.134906	      16.1948	      3.89048	     0.129553	      3.98322	     0.149708	      3.82516	     0.127378	     0.930120	     0.239401	     0.278501 
Trace4	    0.0122855	Ortho Z	      405.242	      463.649	      1184.00	      3.99736	     0.133112	      13.6893	      3.88381	     0.129331	      4.08707	     0.116331	      3.97097	     0.132233	     0.937228	     0.256123	     0.236654 
Trace4	   0.00912384	Ortho Z	      405.014	      462.535	      1184.00	      4.07586	     0.135726	      11.0905	      3.99974	     0.133191	      4.13637	    0.0688780	      4.05912	     0.135169	     0.935769	     0.298278	     0.188062 
Trace4	    0.0112089	Ortho Z	      405.238	      461.499	      1184.00	      4.25371	     0.141649	      5.25535	      4.23583	     0.141053	      4.20419	     0.111317	      4.18652	     0.139411	     0.940470	     0.327749	    0.0899772 
Trace4	   0.00307900	Ortho Z	      405.695	      460.552	      1184.00	      4.43768	     0.147775	     0.685382	      4.43736	     0.147764	      4.33348	     0.122091	      4.33317	     0.144295	     0.969574	     0.244748	   0.00502163 
Trace4	   0.00118014	Ortho Z	      405.699	      459.534	      1184.00	      4.06974	     0.135522	      2.19199	      4.06676	     0.135423	      4.13803	     0.130481	      4.13500	     0.137695	     0.993482	     0.113769	  -0.00707774 
Trace4	   0.00712501	Ortho Z	      406.251	      458.604	      1184.00	      4.21952	     0.140510	      2.84096	      4.21433	     0.140337	      4.18776	     0.109746	      4.18262	     0.139281	     0.982115	     0.181714	   -0.0492898 
Trace4	   0.00727438	Ortho Z	      406.161	      457.619	      1184.00	      3.65768	     0.121801	      6.58213	      3.63357	     0.120998	      3.88319	     0.284243	      3.85760	     0.128458	     0.961551	     0.258649	   -0.0923089 
Trace4	   0.00533465	Ortho Z	      406.073	      456.511	      1184.00	      3.87160	     0.128924	      4.62774	      3.85898	     0.128504	      3.94019	     0.160044	      3.92735	     0.130781	     0.950322	     0.301944	   -0.0756148 
Trace4	   0.00940135	Ortho Z	      407.133	      455.777	      1184.00	      3.76172	     0.125265	      3.38032	      3.75518	     0.125047	      3.92062	     0.177449	      3.91380	     0.130329	     0.936810	     0.345025	   -0.0578330 
Trace4	    0.0100780	Ortho Z	      406.962	      454.566	      1184.00	      3.87259	     0.128957	      3.50031	      3.86537	     0.128717	      3.82645	     0.141756	      3.81932	     0.127183	     0.921357	     0.384383	    0.0578879 
Trace4	    0.0109217	Ortho Z	      407.960	      453.805	      1184.00	      3.93991	     0.131199	      6.90314	      3.91135	     0.130248	      3.96039	     0.132176	      3.93168	     0.130925	     0.925848	     0.358376	     0.119883 
Trace4	   0.00111076	Ortho Z	      408.078	      452.662	      1184.00	      4.02153	     0.133917	      11.3806	      3.94246	     0.131284	      4.12383	     0.158125	      4.04275	     0.134624	     0.948274	     0.249672	     0.196063 
Trace4	   0.00372533	Ortho Z	      408.139	      451.600	      1184.00	      4.35977	     0.145180	      12.4921	      4.25656	     0.141743	      4.24912	     0.118206	      4.14853	     0.138146	     0.941490	     0.258527	     0.216240 
Trace4	    0.0158558	Ortho Z	      408.566	      450.634	      1184.00	      4.38002	     0.145855	      19.6351	      4.12533	     0.137374	      4.17031	     0.175328	      3.92781	     0.130796	     0.875521	     0.351411	     0.331622 
Trace4	    0.0107466	Ortho Z	      408.504	      449.409	      1184.00	      4.20168	     0.139916	      27.5970	      3.72364	     0.123997	      4.24546	     0.351595	      3.76244	     0.125289	     0.774593	     0.437348	     0.456872 
Trace4	   0.00803130	Ortho Z	      409.618	      448.740	      1184.00	      3.98261	     0.132621	      28.7201	      3.49266	     0.116306	      3.97523	     0.204544	      3.48619	     0.116090	     0.785905	     0.400253	     0.471329 
Trace4	    0.0156528	Ortho Z	      410.005	      447.543	      1184.00	      4.06596	     0.135397	      25.3458	      3.67458	     0.122363	      3.96897	     0.135878	      3.58692	     0.119444	     0.798958	     0.423105	     0.427373 
Trace4	   0.00800010	Ortho Z	      410.246	      446.367	      1184.00	      4.14443	     0.138009	      16.7189	      3.96923	     0.132176	      4.06511	     0.203489	      3.89327	     0.129646	     0.919413	     0.268257	     0.287607 
Trace4	    0.0187359	Ortho Z	      410.395	      445.296	      1184.00	      4.06238	     0.135277	      16.6992	      3.89106	     0.129572	      4.01786	     0.200665	      3.84842	     0.128152	     0.896508	     0.337770	     0.286679 
Trace4	   0.00329749	Ortho Z	      410.755	      444.132	      1184.00	      3.91490	     0.130366	      15.8790	      3.76551	     0.125392	      3.90444	     0.230763	      3.75545	     0.125056	     0.826046	     0.500148	     0.259806 
Trace4	   0.00685372	Ortho Z	      411.519	      443.195	      1184.00	      3.50590	     0.116746	      21.0741	      3.27141	     0.108938	      3.52139	     0.192801	      3.28587	     0.109419	     0.705533	     0.630450	     0.323660 
Trace4	   0.00763998	Ortho Z	      412.419	      442.329	      1184.00	      3.90529	     0.130046	      24.2115	      3.56177	     0.118607	      3.76449	     0.263503	      3.43335	     0.114331	     0.845525	     0.397130	     0.356897 
Trace4	    0.0606820	Ortho Z	      413.755	      441.642	      1184.00	      4.18781	     0.139454	      12.8955	      4.08218	     0.135937	      4.71805	     0.962466	      4.59906	     0.153149	     0.877429	     0.464556	    -0.119611 
Trace4	    0.0404603	Ortho Z	      414.153	      440.434	      1184.00	      4.17121	     0.138901	      12.7015	      4.06914	     0.135502	      4.37384	     0.787024	      4.26681	     0.142085	     0.981506	    -0.188984	   -0.0305258 
Trace4	    0.0245255	Ortho Z	      413.158	      439.542	      1184.00	      3.90643	     0.130084	      17.4093	      3.72748	     0.124125	      4.07886	     0.203979	      3.89201	     0.129604	     0.967923	    0.0415071	     0.247794 
Trace4	    0.0343179	Ortho Z	      412.685	      438.517	      1184.00	      4.18744	     0.139442	      6.43017	      4.16109	     0.138564	      4.16510	     0.268649	      4.13890	     0.137825	     0.993807	    0.0246554	     0.108354 
Trace4	    0.0318974	Ortho Z	      412.917	      437.531	      1184.00	      4.10741	     0.136777	      1.14877	      4.10659	     0.136749	      4.29367	     0.301686	      4.29280	     0.142950	     0.994760	     0.101980	   0.00728795 
Trace4	    0.0438225	Ortho Z	      412.888	      436.540	      1184.00	      4.28810	     0.142794	      22.8126	      3.95268	     0.131624	      3.77088	     0.733064	      3.47591	     0.115748	     0.887970	    -0.405967	    -0.216101 
Trace4	     0.409379	Ortho Z	      412.557	      435.562	      1184.00	      2.70843	    0.0901908	      16.5537	      2.59618	    0.0864527	      3.35505	     0.919680	      3.21599	     0.107092	     0.928388	    -0.368543	   -0.0476597 
Trace4	     0.527644	Ortho Z	      403.072	      505.008	      1184.00	      3.89875	     0.129828	      27.7849	      3.44924	     0.114860	      3.59388	     0.531935	      3.17952	     0.105878	     0.881024	    0.0842563	     0.465507 
